Y=[0
0
0
0
0
0
0
0
0
0
0
0
0
0
0
0
0
0
0
0
0
0
2
8
16
26
38
51
65
79
94
110
125
141
157
172
187
203
217
232
246
259
272
285
298
309
321
332
342
351
361
369
377
385
392
398
403
409
414
418
422
425
428
430
432
434
435
437
438
438
439
439
439
439
440
440
439
439
439
439
439
438
438
437
437
437
436
436
436
435
435
435
434
434
434
433
433
432
433
432
432
431
429
424
418
412
404
397
390
382
374
367
359
352
345
337
330
323
316
309
302
296
289
283
276
270
264
258
253
247
242
236
231
226
221
216
211
206
201
197
193
188
184
180
176
172
168
165
161
158
154
151
147
144
141
138
135
132
129
127
124
121
119
116
114
111
109
107
104
102
100
98
96
94
92
90
89
87
85
83
82
80
78
77
75
74
72
71
69
68
67
66
64
63
62
61
59
58
58
56
55
54
53
52
51
50
49
48
47
47
46
45
44
43
43
42
42
40
40
39
38
37
37
36
36
35
34
34
33
33
32
32
31
30
30
29
29
29
28
28
27
27
26
26
26
25
25
25
24
24
23
23
23
22
22
21
21
21
20
20
20
19
19
19
19
18
18
18
18
18
17
17
17
16
16
16
16
15
15
15
15
15
14
14
14
14
14
13
13
13
13
13
13
13
12
12
12
12
11
11
11
11
11
11
11
10
10
11
10
10
10
10
10
10
9
9
9
9
9
9
9
9
8
9
8
8
8
8
8
8
8
8
8
8
8
7
7
7
7
7
7
7
7
7
7
6
7
7
7
6
6
6
6
6
6
6
6
6
6
6
5
5
5
5
5
6
5
5
5
6
5
5
5
5
5
5
5
5
5
5
5
5
4
5
4
4
4
4
4
4
4
4
4
4
4
4
4
4
4
4
4
4
4
3
4
3
4
3
3
3
4
3
3
3
3
3
3
3
3
3
3
3
3
3
3
3
3
3
3
3
3
3
3
3
2
3
3
3
3
3
2
2
2
2
2
2
2
2
2
2
2
2
2
2
2
];



